  57243 5
  59634 6
  49247 7
  34249 8
  21416 9
  14843 10
  15669 11
  14493 12
  13402 13
  13101 14
  11625 15
  10618 16
   9978 17
  10040 18
  10552 19
  10777 20
  11387 21
  10097 22
  10168 23
   8732 24
   8102 25
   7900 26
   7692 27
   7435 28
   7727 29
   7234 30
   7285 31
   7027 32
   6784 33
   6415 34
   6167 35
   5906 36
   6126 37
   5894 38
   5481 39
   5549 40
   5451 41
   5276 42
   5354 43
   5003 44
   5323 45
   4743 46
   4768 47
   4719 48
   4398 49
   4826 50
   4137 51
   3076 52
   2846 53
   2889 54
   3072 55
   2840 56
   2560 57
   2319 58
   2161 59
   2263 60
   1933 61
   1819 62
   1740 63
   1406 64
   1131 65
    985 66
    156 67
     99 68
