  30512 5
  29068 6
  27299 7
  22036 8
  10952 9
   8086 10
   8786 11
   7494 12
   7714 13
   8422 14
   7395 15
   7922 16
   6116 17
   5197 18
   4936 19
   4832 20
   4540 21
   6071 22
   7475 23
   6149 24
   3500 25
   3439 26
   4086 27
   3295 28
   3154 29
   2950 30
   3726 31
   3504 32
   2926 33
   2838 34
   1984 35
   2175 36
   1884 37
   2017 38
   1982 39
   1920 40
   1779 41
   1825 42
   1706 43
   1612 44
   1690 45
   1799 46
   1563 47
   1365 48
   1554 49
   1375 50
   1179 51
   1021 52
    892 53
    840 54
    802 55
    747 56
    666 57
    635 58
    585 59
    656 60
    644 61
    528 62
    470 63
    524 64
    431 65
    311 66
     97 67
     62 68
