  54777 5
  51187 6
  47824 7
  41398 8
  32582 9
  31190 10
  31671 11
  31865 12
  31401 13
  31711 14
  28943 15
  29486 16
  28954 17
  28169 18
  27218 19
  25736 20
  25698 21
  25170 22
  25569 23
  23930 24
  23791 25
  14594 26
  12843 27
  12872 28
  18331 29
  12763 30
  12727 31
  11789 32
  11933 33
  10458 34
   8593 35
   8331 36
  10021 37
   9432 38
   9858 39
   8420 40
  10268 41
  17241 42
   4345 43
   4122 44
   3972 45
   3743 46
   3400 47
   3319 48
   2724 49
   2295 50
    464 51
    196 52
