  42204 5
  42761 6
  34282 7
  24423 8
  15035 9
   9446 10
   9726 11
   9078 12
   7626 13
   7418 14
   6335 15
   6435 16
   5018 17
   5223 18
   5226 19
   5309 20
   5268 21
   4911 22
   4969 23
   4315 24
   4020 25
   3980 26
   3976 27
   3793 28
   3736 29
   3614 30
   3634 31
   3527 32
   3448 33
   3213 34
   2881 35
   2845 36
   3024 37
   2895 38
   2845 39
   2809 40
   2847 41
   2714 42
   2714 43
   2660 44
   2924 45
   2610 46
   2743 47
   2611 48
   2466 49
   2628 50
   2276 51
   1919 52
   1895 53
   1859 54
   1933 55
   1757 56
   1678 57
   1637 58
   1573 59
   1581 60
   1553 61
   1402 62
   1317 63
   1046 64
    930 65
    821 66
     91 67
    103 68
