  50250 5
  38284 6
  36836 7
  22315 8
  12986 9
  11499 10
  13850 11
  14799 12
  12964 13
  13178 14
  12263 15
  10707 16
  16983 17
  35793 18
  15087 19
  17463 20
  15389 21
   9791 22
  10844 23
   8461 24
   9210 25
   7695 26
   6854 27
   6931 28
   6420 29
   6174 30
   5965 31
   5882 32
   5670 33
   5600 34
   4965 35
   4961 36
   4994 37
   4820 38
   4691 39
   4549 40
   4431 41
   4454 42
   4336 43
   4200 44
   4032 45
   3809 46
   3434 47
   3371 48
   3220 49
   3035 50
   2903 51
   2784 52
   2630 53
   2620 54
   2401 55
   2697 56
   2199 57
   2099 58
   1918 59
   1947 60
   1816 61
   1708 62
   1627 63
   1533 64
   1232 65
   1021 66
    249 67
    151 68
