  13385 5
  12959 6
  10720 7
  10098 8
   5024 9
   4460 10
   2965 11
   3403 12
   3719 13
   3592 14
   3974 15
   4136 16
   2617 17
   3394 18
   2312 19
   2561 20
   2823 21
   2551 22
   3726 23
   7162 24
   1736 25
   2352 26
   2072 27
   1237 28
   1127 29
   1478 30
   2021 31
   1858 32
   1299 33
   1107 34
    828 35
   1297 36
   1089 37
   1078 38
    954 39
    845 40
    797 41
    709 42
    655 43
   1131 44
    770 45
   1100 46
    571 47
    719 48
    544 49
    416 50
    417 51
    278 52
    302 53
    170 54
    467 55
    271 56
    148 57
    219 58
    165 59
     26 60
     61 61
     73 62
    212 63
     81 64
    249 65
     11 66
     20 67
