  54478 5
  57128 6
  46788 7
  33309 8
  20644 9
  14002 10
  15041 11
  13793 12
  12755 13
  12794 14
  11365 15
  10223 16
   9379 17
   9353 18
   9905 19
   9953 20
  10788 21
   9689 22
   9476 23
   8181 24
   7623 25
   7555 26
   7241 27
   7132 28
   7468 29
   7087 30
   6820 31
   6792 32
   6660 33
   6066 34
   5731 35
   5726 36
   5903 37
   5490 38
   5309 39
   5367 40
   5418 41
   5315 42
   5296 43
   4824 44
   5116 45
   4745 46
   4645 47
   4583 48
   4258 49
   4797 50
   3914 51
   2917 52
   2685 53
   2680 54
   2983 55
   2556 56
   2431 57
   2300 58
   2122 59
   2267 60
   1885 61
   1912 62
   1576 63
   1354 64
   1098 65
    961 66
    141 67
    102 68
