  12061 5
   9837 6
   8878 7
   6872 8
   3781 9
   3532 10
   3392 11
   3596 12
   3411 13
   3389 14
   3203 15
   2872 16
   2670 17
   2793 18
   2591 19
   2548 20
   2367 21
   2310 22
   2197 23
   2117 24
   2569 25
   1971 26
   2116 27
   1932 28
   1891 29
   1889 30
   1990 31
   1896 32
   1882 33
   2096 34
   2418 35
   1547 36
   1510 37
   1432 38
   1456 39
   1450 40
   1463 41
   1445 42
   1286 43
   1436 44
   1299 45
   1238 46
   1220 47
   1187 48
   1016 49
   1088 50
   1065 51
    908 52
    903 53
    828 54
    868 55
    785 56
    742 57
    747 58
    745 59
    736 60
    688 61
    611 62
    613 63
    579 64
    429 65
    366 66
     90 67
     56 68
