   8922 5
   7337 6
   6930 7
   5822 8
   4096 9
   3112 10
   3179 11
   3189 12
   2548 13
   3070 14
   2075 15
   2279 16
   2187 17
   1868 18
   1624 19
   1536 20
   1377 21
   1427 22
   1311 23
   1393 24
   1853 25
   1870 26
   3067 27
   1286 28
   1468 29
   1902 30
   2256 31
   1362 32
    889 33
    757 34
    631 35
    646 36
    629 37
    593 38
    602 39
    545 40
    551 41
    606 42
    515 43
    537 44
    486 45
    499 46
    445 47
    456 48
    354 49
    380 50
    336 51
    311 52
    301 53
    255 54
    248 55
    247 56
    230 57
    229 58
    214 59
    203 60
    181 61
    178 62
    185 63
    149 64
    115 65
    105 66
     33 67
      8 68
