  81120 5
  76965 6
  68436 7
  63467 8
  54210 9
  52130 10
  51332 11
  52758 12
  50868 13
  50971 14
  49778 15
  47177 16
  46372 17
  45973 18
  44296 19
  43261 20
  41839 21
  40085 22
  38619 23
  36421 24
  33410 25
  19689 26
  16990 27
  15555 28
  14636 29
  14364 30
  13525 31
  12961 32
  12396 33
  11722 34
  10813 35
  10196 36
   9675 37
   9702 38
   8051 39
   7292 40
   6802 41
   6256 42
   5178 43
   5218 44
   4536 45
   4176 46
   3393 47
   2955 48
   2158 49
   1664 50
    324 51
    119 52
