  22749 5
  21312 6
  18841 7
  16149 8
  10739 9
   9521 10
   9399 11
   8630 12
   8166 13
   7955 14
   7065 15
   6636 16
   5689 17
   5394 18
   4711 19
   4388 20
   4155 21
   4486 22
   5546 23
   8336 24
   5947 25
   3438 26
   5681 27
   2769 28
   2325 29
   2494 30
   2401 31
   2085 32
   1862 33
   1536 34
   1266 35
   1248 36
   1283 37
   1181 38
   1189 39
   1159 40
   1079 41
   1231 42
   1061 43
   1113 44
    955 45
   1002 46
    884 47
    860 48
    814 49
    817 50
    748 51
    652 52
    654 53
    566 54
    565 55
    542 56
    531 57
    530 58
    459 59
    478 60
    380 61
    390 62
    332 63
    332 64
    253 65
    204 66
     48 67
     30 68
