  29918 5
  29706 6
  27383 7
  21061 8
  10377 9
   7622 10
   8275 11
   7205 12
   7185 13
   7859 14
   6815 15
   7316 16
   5626 17
   5004 18
   4878 19
   4316 20
   4077 21
   5543 22
   6270 23
   4938 24
   3420 25
   3339 26
   3656 27
   3123 28
   2922 29
   2778 30
   3131 31
   3068 32
   2561 33
   2654 34
   2034 35
   2062 36
   1919 37
   2139 38
   2076 39
   2019 40
   1798 41
   1830 42
   1594 43
   1773 44
   1727 45
   1905 46
   1750 47
   1375 48
   1422 49
   1541 50
   1389 51
   1062 52
    839 53
    842 54
    748 55
    770 56
    604 57
    555 58
    566 59
    568 60
    543 61
    452 62
    424 63
    418 64
    395 65
    258 66
    113 67
     47 68
