   7592 5
   6469 6
   6101 7
   5207 8
   3848 9
   3361 10
   2943 11
   2872 12
   2791 13
   2721 14
   2161 15
   2181 16
   2218 17
   2099 18
   1739 19
   1627 20
   1396 21
   1445 22
   1613 23
   1455 24
   1826 25
   1505 26
   2028 27
   1194 28
   1336 29
   1475 30
   1885 31
   1183 32
    878 33
    728 34
    646 35
    567 36
    591 37
    625 38
    595 39
    704 40
    570 41
    555 42
    503 43
    523 44
    461 45
    452 46
    436 47
    404 48
    437 49
    367 50
    358 51
    297 52
    291 53
    260 54
    218 55
    257 56
    240 57
    207 58
    224 59
    197 60
    166 61
    177 62
    168 63
    153 64
    108 65
     92 66
     36 67
     15 68
