  63412 5
  55076 6
  49528 7
  40753 8
  33037 9
  27758 10
  28088 11
  26729 12
  25047 13
  26574 14
  22529 15
  21415 16
  22061 17
  23287 18
  21512 19
  19427 20
  17208 21
  16209 22
  16496 23
  16649 24
  14465 25
  12880 26
  13843 27
  10507 28
  10170 29
  10405 30
   8786 31
   9355 32
  10142 33
   7157 34
   6775 35
   6787 36
   5468 37
   5345 38
   4402 39
   4057 40
   3438 41
   3186 42
   2797 43
   2431 44
   2255 45
   2115 46
   1780 47
   1469 48
   1283 49
   1050 50
    199 51
     76 52
