  47484 5
  35848 6
  35458 7
  19640 8
  11660 9
   9778 10
  12698 11
  14144 12
  11554 13
  12193 14
  11529 15
   9817 16
  15482 17
  34406 18
  15902 19
  19863 20
  17428 21
   9000 22
  10990 23
   7490 24
   9002 25
   6827 26
   5600 27
   5888 28
   5326 29
   5290 30
   5021 31
   4951 32
   4687 33
   4766 34
   4366 35
   4174 36
   4136 37
   3924 38
   3871 39
   3878 40
   3712 41
   3556 42
   3528 43
   3522 44
   3184 45
   3082 46
   2875 47
   2817 48
   2746 49
   2586 50
   2470 51
   2224 52
   2231 53
   2058 54
   2061 55
   2341 56
   1775 57
   1643 58
   1641 59
   1577 60
   1441 61
   1348 62
   1282 63
   1251 64
    989 65
    837 66
    210 67
    144 68
