  45117 5
  34758 6
  33420 7
  19401 8
  10764 9
   8947 10
  10788 11
  11626 12
  10354 13
  10961 14
   9979 15
   8835 16
  14644 17
  32064 18
  13006 19
  13259 20
  12131 21
   8453 22
   8522 23
   6751 24
   7609 25
   6404 26
   5694 27
   5642 28
   5358 29
   5470 30
   5211 31
   5055 32
   4890 33
   4747 34
   4416 35
   4069 36
   4049 37
   4017 38
   3862 39
   3852 40
   3674 41
   3650 42
   3572 43
   3564 44
   3357 45
   3265 46
   2953 47
   2699 48
   2715 49
   2506 50
   2460 51
   2261 52
   2079 53
   1984 54
   2019 55
   2178 56
   1843 57
   1782 58
   1664 59
   1595 60
   1453 61
   1401 62
   1322 63
   1184 64
    936 65
    808 66
    209 67
    117 68
