  12814 5
  11116 6
  10276 7
   7843 8
   4509 9
   3643 10
   3594 11
   3861 12
   3905 13
   3729 14
   3479 15
   3198 16
   2961 17
   2897 18
   2768 19
   2636 20
   2579 21
   2353 22
   2160 23
   2228 24
   2197 25
   2135 26
   2065 27
   1946 28
   1913 29
   1908 30
   1946 31
   1772 32
   1824 33
   1905 34
   1842 35
   1571 36
   1454 37
   1485 38
   1476 39
   1523 40
   1553 41
   1397 42
   1317 43
   1295 44
   1306 45
   1292 46
   1216 47
   1133 48
   1066 49
   1080 50
    903 51
    882 52
    867 53
    840 54
    824 55
    778 56
    774 57
    721 58
    683 59
    694 60
    633 61
    591 62
    532 63
    472 64
    371 65
    300 66
     91 67
     62 68
