   8911 5
   7606 6
   7045 7
   5960 8
   4559 9
   3435 10
   3462 11
   3370 12
   2914 13
   2937 14
   2484 15
   2421 16
   2278 17
   2114 18
   1890 19
   1762 20
   1520 21
   1510 22
   1511 23
   1500 24
   1752 25
   1671 26
   2077 27
   1549 28
   1755 29
   1890 30
   2166 31
   1411 32
    966 33
    776 34
    723 35
    728 36
    691 37
    702 38
    668 39
    601 40
    625 41
    708 42
    606 43
    613 44
    572 45
    562 46
    509 47
    488 48
    471 49
    443 50
    442 51
    377 52
    410 53
    349 54
    311 55
    354 56
    317 57
    284 58
    279 59
    237 60
    251 61
    243 62
    218 63
    204 64
    159 65
    152 66
     45 67
     16 68
