  12509 5
  10442 6
   9472 7
   7126 8
   3794 9
   3283 10
   3383 11
   3341 12
   3271 13
   3355 14
   3111 15
   2857 16
   2666 17
   2511 18
   2454 19
   2515 20
   2256 21
   2287 22
   2057 23
   2039 24
   2114 25
   1996 26
   1982 27
   1814 28
   1937 29
   1831 30
   1933 31
   1749 32
   1883 33
   1777 34
   1714 35
   1506 36
   1393 37
   1481 38
   1347 39
   1480 40
   1535 41
   1317 42
   1293 43
   1321 44
   1233 45
   1277 46
   1210 47
   1232 48
   1071 49
   1009 50
   1004 51
    907 52
    905 53
    852 54
    828 55
    794 56
    726 57
    752 58
    673 59
    712 60
    650 61
    612 62
    565 63
    490 64
    372 65
    348 66
     91 67
     54 68
