  60298 5
  52680 6
  54531 7
  42686 8
  23791 9
  19163 10
  19160 11
  18424 12
  17507 13
  20550 14
  16662 15
  16717 16
  14735 17
  13101 18
  16214 19
  11346 20
  11059 21
  16153 22
  21712 23
  20860 24
  11386 25
   9157 26
   9446 27
   7545 28
   8721 29
   7760 30
   6828 31
   6820 32
   6828 33
   6312 34
   5738 35
   6726 36
   5878 37
   4935 38
   5238 39
   5125 40
   4940 41
   4501 42
   4432 43
   4096 44
   3913 45
   3668 46
   4007 47
   3233 48
   3233 49
   3248 50
   2952 51
   2581 52
   2739 53
   2147 54
   1781 55
   1996 56
   1729 57
   1679 58
   1478 59
   1586 60
   1281 61
   1130 62
   1217 63
    907 64
    753 65
    672 66
    153 67
     45 68
