  71360 5
  63323 6
  66910 7
  51315 8
  27734 9
  21644 10
  21580 11
  21067 12
  20031 13
  25862 14
  18772 15
  19312 16
  16079 17
  13991 18
  18234 19
  12476 20
  12040 21
  18080 22
  23104 23
  19934 24
  11343 25
   9990 26
   8769 27
   8567 28
   9450 29
   8419 30
   7877 31
   7459 32
   7529 33
   7220 34
   6334 35
   7906 36
   6686 37
   5574 38
   5605 39
   5595 40
   5432 41
   5058 42
   4649 43
   4595 44
   4127 45
   4052 46
   4261 47
   3717 48
   3557 49
   3782 50
   3365 51
   2877 52
   3233 53
   2163 54
   1838 55
   2069 56
   1680 57
   1803 58
   1329 59
   1539 60
   1219 61
   1153 62
   1139 63
    904 64
    753 65
    572 66
    129 67
     67 68
