  50115 5
  54115 6
  43979 7
  29899 8
  19238 9
  12940 10
  13667 11
  12839 12
  11674 13
  11754 14
   9799 15
   8798 16
   8265 17
   8303 18
   8729 19
   9022 20
  10133 21
   8856 22
   8771 23
   7280 24
   6490 25
   6485 26
   5872 27
   5873 28
   6034 29
   5454 30
   5615 31
   5502 32
   5340 33
   5052 34
   4675 35
   4627 36
   4730 37
   4686 38
   4278 39
   4196 40
   4108 41
   4172 42
   4104 43
   3806 44
   4114 45
   3648 46
   3387 47
   3429 48
   3416 49
   3824 50
   2892 51
   2051 52
   2073 53
   2016 54
   2192 55
   1782 56
   1706 57
   1480 58
   1447 59
   1539 60
   1488 61
   1274 62
   1172 63
   1000 64
    836 65
    715 66
     98 67
     79 68
