  11702 5
  10855 6
  10324 7
   7019 8
   4651 9
   4028 10
   4675 11
   5203 12
   4722 13
   4477 14
   4119 15
   4103 16
   3576 17
   3528 18
   3585 19
   3377 20
   3446 21
   3286 22
   3795 23
   3034 24
   3080 25
   2755 26
   3265 27
   2807 28
   2611 29
   2599 30
   2454 31
   2398 32
   2309 33
   2135 34
   2079 35
   1819 36
   1825 37
   1874 38
   1883 39
   1714 40
   1648 41
   1613 42
   1580 43
   1609 44
   1453 45
   1449 46
   1262 47
   1166 48
   1191 49
   1034 50
    969 51
    905 52
    890 53
    750 54
    780 55
    721 56
    631 57
    639 58
    588 59
    586 60
    563 61
    517 62
    458 63
    468 64
    372 65
    337 66
     85 67
     58 68
