  22308 5
  18517 6
  16948 7
  11912 8
   5815 9
   5344 10
   5352 11
   5304 12
   5280 13
   4899 14
   4646 15
   4484 16
   4294 17
   3759 18
   3841 19
   3784 20
   3413 21
   3492 22
   3215 23
   3117 24
   3189 25
   3092 26
   2879 27
   2884 28
   3031 29
   2817 30
   3050 31
   2528 32
   2814 33
   2854 34
   2296 35
   2465 36
   2216 37
   2320 38
   2186 39
   2580 40
   2203 41
   2058 42
   2055 43
   2083 44
   1964 45
   2092 46
   1830 47
   2072 48
   1645 49
   1623 50
   1611 51
   1506 52
   1517 53
   1400 54
   1557 55
   1362 56
   1234 57
   1424 58
   1142 59
   1191 60
   1046 61
   1019 62
    901 63
    860 64
    699 65
    560 66
    141 67
    109 68
