  52907 5
  47197 6
  47670 7
  37376 8
  19784 9
  15361 10
  15832 11
  15081 12
  14580 13
  16673 14
  13583 15
  13253 16
  12145 17
  10832 18
  13817 19
   9587 20
   9286 21
  13563 22
  18258 23
  18035 24
   9507 25
   7874 26
   7442 27
   6634 28
   7297 29
   6319 30
   5681 31
   5566 32
   5504 33
   5342 34
   4761 35
   5920 36
   4903 37
   4212 38
   4457 39
   4286 40
   4048 41
   3850 42
   3523 43
   3353 44
   3133 45
   2922 46
   3255 47
   2514 48
   2548 49
   2586 50
   2289 51
   2051 52
   2169 53
   1630 54
   1256 55
   1566 56
   1143 57
   1269 58
    939 59
   1211 60
    913 61
    786 62
    927 63
    586 64
    539 65
    424 66
     88 67
     40 68
