  45287 5
  35259 6
  33049 7
  20163 8
  12246 9
  10557 10
  12318 11
  13150 12
  11804 13
  11953 14
  11287 15
   9843 16
  15621 17
  31900 18
  13485 19
  14323 20
  13050 21
   9004 22
   9458 23
   7472 24
   8259 25
   7041 26
   6235 27
   6370 28
   5937 29
   5927 30
   5664 31
   5449 32
   5455 33
   5067 34
   4940 35
   4471 36
   4570 37
   4506 38
   4248 39
   4341 40
   4160 41
   3987 42
   4000 43
   3801 44
   3886 45
   3370 46
   3226 47
   2984 48
   2961 49
   2691 50
   2706 51
   2531 52
   2359 53
   2225 54
   2159 55
   2362 56
   1923 57
   1893 58
   1765 59
   1732 60
   1490 61
   1463 62
   1429 63
   1300 64
   1005 65
    787 66
    207 67
    110 68
