   5587 5
   5091 6
   4504 7
   3507 8
   2262 9
   2179 10
   1951 11
   1875 12
   1655 13
   1605 14
   1585 15
   1875 16
   1415 17
   1298 18
   1062 19
    917 20
    813 21
    809 22
    836 23
   1120 24
   1732 25
   1131 26
   5538 27
    614 28
    566 29
    597 30
    682 31
    558 32
    425 33
    402 34
    315 35
    285 36
    265 37
    321 38
    315 39
    327 40
    292 41
    315 42
    276 43
    271 44
    280 45
    217 46
    249 47
    243 48
    197 49
    198 50
    210 51
    156 52
    116 53
    142 54
    133 55
    129 56
    110 57
    106 58
    122 59
    105 60
     76 61
     86 62
     85 63
     58 64
     60 65
     35 66
      8 67
      2 68
