  44400 5
  41355 6
  38225 7
  32442 8
  25226 9
  23754 10
  23408 11
  23293 12
  22396 13
  22765 14
  19962 15
  19233 16
  18142 17
  17303 18
  16725 19
  15489 20
  15403 21
  14207 22
  14679 23
  13280 24
  11584 25
   7664 26
   7639 27
   5949 28
   5523 29
   5591 30
   4994 31
   5222 32
   5307 33
   4257 34
   3957 35
   3491 36
   3341 37
   3241 38
   2641 39
   2603 40
   2372 41
   2069 42
   2065 43
   1923 44
   1754 45
   1554 46
   1473 47
   1224 48
    958 49
    939 50
    146 51
     62 52
