  18801 5
  15530 6
  14228 7
  10832 8
   6161 9
   5532 10
   5494 11
   5721 12
   5427 13
   5252 14
   4945 15
   4490 16
   4210 17
   4249 18
   3926 19
   3961 20
   3581 21
   3564 22
   3294 23
   3194 24
   4077 25
   3058 26
   3334 27
   2954 28
   2973 29
   2900 30
   3010 31
   2836 32
   2772 33
   3242 34
   3624 35
   2316 36
   2256 37
   2077 38
   2177 39
   2260 40
   2380 41
   2111 42
   1874 43
   2071 44
   1913 45
   1981 46
   1967 47
   1819 48
   1646 49
   1563 50
   1491 51
   1558 52
   1376 53
   1262 54
   1234 55
   1252 56
   1153 57
   1217 58
   1116 59
   1029 60
    989 61
    982 62
    869 63
    790 64
    627 65
    511 66
    140 67
     97 68
