  16764 5
  15562 6
  15122 7
  11872 8
   6408 9
   4184 10
   4599 11
   4013 12
   3910 13
   4263 14
   3906 15
   3900 16
   3150 17
   2975 18
   2641 19
   2529 20
   2565 21
   3408 22
   4046 23
   3637 24
   2259 25
   1899 26
   2120 27
   1873 28
   1774 29
   1660 30
   1826 31
   1885 32
   1547 33
   1517 34
   1266 35
   1355 36
   1175 37
   1197 38
   1145 39
   1050 40
   1024 41
   1020 42
    873 43
    997 44
    976 45
   1128 46
    866 47
    828 48
    813 49
    768 50
    730 51
    541 52
    439 53
    431 54
    422 55
    363 56
    325 57
    352 58
    305 59
    266 60
    278 61
    244 62
    202 63
    181 64
    203 65
     94 66
     53 67
     26 68
