  21777 5
  16325 6
  15180 7
  11224 8
   5949 9
   5058 10
   5009 11
   4980 12
   4874 13
   4828 14
   4280 15
   3941 16
   3793 17
   3677 18
   3508 19
   3433 20
   3223 21
   3126 22
   2925 23
   2808 24
   2798 25
   2768 26
   2814 27
   2630 28
   2638 29
   2410 30
   2522 31
   2398 32
   2522 33
   2710 34
   2072 35
   2080 36
   1903 37
   1841 38
   1856 39
   1939 40
   2185 41
   1794 42
   1636 43
   1810 44
   1654 45
   1880 46
   1605 47
   1490 48
   1345 49
   1371 50
   1251 51
   1172 52
   1089 53
   1020 54
    937 55
    963 56
    893 57
    871 58
    777 59
    902 60
    768 61
    797 62
    632 63
    617 64
    492 65
    391 66
    105 67
     57 68
