  21187 5
  16060 6
  14828 7
  11001 8
   5877 9
   4926 10
   5011 11
   4888 12
   4919 13
   4904 14
   4589 15
   4091 16
   3964 17
   3882 18
   3508 19
   3533 20
   3363 21
   3115 22
   3186 23
   2938 24
   2910 25
   2906 26
   3260 27
   2789 28
   2725 29
   2602 30
   2700 31
   2596 32
   2612 33
   2631 34
   2206 35
   2181 36
   2085 37
   2041 38
   2034 39
   2039 40
   2177 41
   1876 42
   1919 43
   1818 44
   1840 45
   1858 46
   1839 47
   1836 48
   1703 49
   1665 50
   1442 51
   1438 52
   1430 53
   1318 54
   1215 55
   1252 56
   1228 57
   1237 58
   1121 59
   1175 60
   1092 61
   1095 62
    944 63
    868 64
    654 65
    571 66
    157 67
    105 68
