  48195 5
  48190 6
  40991 7
  30004 8
  19398 9
  11588 10
  11381 11
  10533 12
   9658 13
   9261 14
   7635 15
   6969 16
   6449 17
   6489 18
   6601 19
   6741 20
   6838 21
   6293 22
   6083 23
   5166 24
   5011 25
   5044 26
   4853 27
   4813 28
   4828 29
   4560 30
   4519 31
   4234 32
   4283 33
   3965 34
   3659 35
   3564 36
   3698 37
   3667 38
   3437 39
   3483 40
   3467 41
   3367 42
   3395 43
   3136 44
   3348 45
   3249 46
   3375 47
   3194 48
   3033 49
   3121 50
   2683 51
   2171 52
   2180 53
   2174 54
   2319 55
   2042 56
   1962 57
   2006 58
   1768 59
   1907 60
   1779 61
   1634 62
   1494 63
   1222 64
   1066 65
    900 66
    138 67
     74 68
