  13841 5
  11486 6
  10421 7
   7999 8
   4312 9
   3615 10
   3639 11
   3770 12
   3605 13
   3582 14
   3366 15
   3094 16
   2843 17
   2780 18
   2656 19
   2641 20
   2467 21
   2471 22
   2230 23
   2164 24
   2245 25
   2081 26
   2414 27
   2007 28
   1955 29
   1834 30
   1880 31
   1886 32
   1893 33
   1882 34
   1527 35
   1516 36
   1559 37
   1456 38
   1427 39
   1472 40
   1556 41
   1357 42
   1318 43
   1375 44
   1300 45
   1353 46
   1324 47
   1198 48
   1127 49
   1106 50
   1077 51
    981 52
    887 53
    881 54
    824 55
    822 56
    805 57
    783 58
    705 59
    720 60
    653 61
    709 62
    583 63
    551 64
    425 65
    351 66
     85 67
     63 68
