  94954 5
 102064 6
  83177 7
  56706 8
  36483 9
  24291 10
  26079 11
  24050 12
  21959 13
  22164 14
  18688 15
  16590 16
  15429 17
  15722 18
  16534 19
  17039 20
  19116 21
  16603 22
  16442 23
  13755 24
  12257 25
  12229 26
  11071 27
  11051 28
  11562 29
  10396 30
  10630 31
  10314 32
   9956 33
   9493 34
   8663 35
   8718 36
   8935 37
   8817 38
   8287 39
   7971 40
   7746 41
   7872 42
   7662 43
   7256 44
   7870 45
   6897 46
   6525 47
   6520 48
   6278 49
   7223 50
   5663 51
   4032 52
   3794 53
   3720 54
   4022 55
   3473 56
   3130 57
   2845 58
   2853 59
   2909 60
   2833 61
   2410 62
   2306 63
   1907 64
   1559 65
   1310 66
    204 67
    131 68
