  44839 5
  47949 6
  39198 7
  26807 8
  17245 9
  11351 10
  12412 11
  11211 12
  10285 13
  10410 14
   8889 15
   7792 16
   7164 17
   7419 18
   7805 19
   8017 20
   8983 21
   7747 22
   7671 23
   6475 24
   5767 25
   5744 26
   5199 27
   5178 28
   5528 29
   4942 30
   5015 31
   4812 32
   4616 33
   4441 34
   3988 35
   4091 36
   4205 37
   4131 38
   4009 39
   3775 40
   3638 41
   3700 42
   3558 43
   3450 44
   3756 45
   3249 46
   3138 47
   3091 48
   2862 49
   3399 50
   2771 51
   1981 52
   1721 53
   1704 54
   1830 55
   1691 56
   1424 57
   1365 58
   1406 59
   1370 60
   1345 61
   1136 62
   1134 63
    907 64
    723 65
    595 66
    106 67
     52 68
