  16494 5
  13656 6
  12581 7
   9164 8
   4732 9
   4306 10
   4315 11
   4121 12
   4166 13
   3915 14
   3781 15
   3376 16
   3320 17
   3146 18
   3139 19
   2980 20
   2862 21
   2758 22
   2481 23
   2476 24
   2439 25
   2348 26
   2311 27
   2207 28
   2332 29
   2096 30
   2359 31
   2057 32
   2207 33
   2212 34
   1730 35
   1775 36
   1774 37
   1603 38
   1681 39
   1777 40
   1643 41
   1435 42
   1499 43
   1435 44
   1391 45
   1478 46
   1349 47
   1375 48
   1193 49
   1191 50
   1068 51
    993 52
   1007 53
    958 54
   1007 55
    854 56
    851 57
    854 58
    746 59
    709 60
    680 61
    651 62
    584 63
    526 64
    410 65
    333 66
     84 67
     65 68
