   5971 5
   5047 6
   4672 7
   3937 8
   2745 9
   2339 10
   2015 11
   2167 12
   1993 13
   2063 14
   1601 15
   1640 16
   1627 17
   1383 18
   1126 19
   1193 20
    930 21
   1055 22
   1096 23
    949 24
   1528 25
   1169 26
   2002 27
    925 28
    983 29
   1141 30
   1476 31
    996 32
    691 33
    572 34
    423 35
    479 36
    467 37
    444 38
    460 39
    511 40
    416 41
    426 42
    403 43
    387 44
    328 45
    321 46
    359 47
    301 48
    308 49
    247 50
    233 51
    196 52
    214 53
    157 54
    157 55
    154 56
    167 57
    138 58
    125 59
    138 60
    123 61
    131 62
    127 63
    102 64
    102 65
     67 66
     19 67
      8 68
