  22653 5
  20387 6
  17813 7
  13856 8
   7444 9
   6457 10
   6596 11
   6482 12
   6440 13
   5999 14
   5601 15
   5382 16
   4882 17
   4814 18
   4624 19
   4443 20
   4237 21
   4073 22
   3787 23
   3622 24
   3748 25
   3531 26
   3429 27
   3390 28
   3401 29
   3190 30
   3396 31
   3062 32
   3126 33
   3131 34
   2515 35
   2500 36
   2481 37
   2392 38
   2370 39
   2437 40
   2468 41
   2260 42
   2151 43
   2189 44
   2187 45
   2088 46
   2057 47
   1942 48
   1752 49
   1676 50
   1500 51
   1489 52
   1392 53
   1316 54
   1297 55
   1221 56
   1176 57
   1117 58
   1038 59
   1009 60
    964 61
    909 62
    769 63
    764 64
    606 65
    464 66
    112 67
     84 68
