 111721 5
 116762 6
  96035 7
  67558 8
  42060 9
  28845 10
  30710 11
  28286 12
  26157 13
  25895 14
  22990 15
  20841 16
  19357 17
  19393 18
  20457 19
  20730 20
  22175 21
  19786 22
  19644 23
  16913 24
  15725 25
  15455 26
  14933 27
  14567 28
  15195 29
  14321 30
  14105 31
  13819 32
  13444 33
  12481 34
  11898 35
  11632 36
  12029 37
  11384 38
  10790 39
  10916 40
  10869 41
  10591 42
  10650 43
   9827 44
  10439 45
   9488 46
   9413 47
   9302 48
   8656 49
   9623 50
   8051 51
   5993 52
   5531 53
   5569 54
   6055 55
   5396 56
   4991 57
   4619 58
   4283 59
   4530 60
   3818 61
   3731 62
   3316 63
   2760 64
   2229 65
   1946 66
    297 67
    201 68
