  90399 5
  90951 6
  75273 7
  54427 8
  34433 9
  21034 10
  21107 11
  19611 12
  17284 13
  16679 14
  13970 15
  13404 16
  11467 17
  11712 18
  11827 19
  12050 20
  12106 21
  11204 22
  11052 23
   9481 24
   9031 25
   9024 26
   8829 27
   8606 28
   8564 29
   8174 30
   8153 31
   7761 32
   7731 33
   7178 34
   6540 35
   6409 36
   6722 37
   6562 38
   6282 39
   6292 40
   6314 41
   6081 42
   6109 43
   5796 44
   6272 45
   5859 46
   6118 47
   5805 48
   5499 49
   5749 50
   4959 51
   4090 52
   4075 53
   4033 54
   4252 55
   3799 56
   3640 57
   3643 58
   3341 59
   3488 60
   3332 61
   3036 62
   2811 63
   2268 64
   1996 65
   1721 66
    229 67
    177 68
