  13611 5
  13168 6
  13136 7
   9031 8
   5833 9
   4549 10
   4994 11
   6173 12
   5161 13
   5026 14
   4589 15
   4091 16
   3637 17
   3612 18
   3854 19
   3678 20
   3500 21
   3322 22
   3757 23
   3126 24
   3149 25
   2783 26
   3084 27
   2635 28
   2598 29
   2533 30
   2371 31
   2309 32
   2165 33
   2112 34
   1854 35
   1818 36
   1764 37
   1791 38
   1752 39
   1635 40
   1569 41
   1540 42
   1550 43
   1475 44
   1362 45
   1304 46
   1046 47
    956 48
   1086 49
    891 50
    692 51
    632 52
    598 53
    535 54
    492 55
    479 56
    405 57
    429 58
    362 59
    355 60
    320 61
    308 62
    259 63
    221 64
    218 65
    132 66
     39 67
     24 68
