  20281 5
  17598 6
  15732 7
  12257 8
   7148 9
   6195 10
   6300 11
   6299 12
   6337 13
   6133 14
   5731 15
   5261 16
   5041 17
   4899 18
   4842 19
   4624 20
   4192 21
   4219 22
   3873 23
   3963 24
   4261 25
   3769 26
   3889 27
   3567 28
   3718 29
   3560 30
   3527 31
   3352 32
   3487 33
   3583 34
   3772 35
   2846 36
   2805 37
   2811 38
   2642 39
   2795 40
   2819 41
   2679 42
   2526 43
   2586 44
   2500 45
   2424 46
   2396 47
   2289 48
   2028 49
   2085 50
   1933 51
   1881 52
   1830 53
   1662 54
   1721 55
   1651 56
   1518 57
   1456 58
   1481 59
   1496 60
   1315 61
   1295 62
   1178 63
   1103 64
    879 65
    762 66
    192 67
    139 68
