  18121 5
  15533 6
  14237 7
  10501 8
   5628 9
   4920 10
   5108 11
   5003 12
   4919 13
   4863 14
   4412 15
   4243 16
   3850 17
   3851 18
   3517 19
   3741 20
   3271 21
   3290 22
   3020 23
   2964 24
   3235 25
   2911 26
   2812 27
   2652 28
   2720 29
   2616 30
   2624 31
   2556 32
   2584 33
   2567 34
   2691 35
   2229 36
   2035 37
   2042 38
   1966 39
   2067 40
   2031 41
   2017 42
   1814 43
   1928 44
   1794 45
   1668 46
   1730 47
   1731 48
   1445 49
   1438 50
   1386 51
   1272 52
   1247 53
   1164 54
   1151 55
   1029 56
   1047 57
   1049 58
    940 59
    949 60
    904 61
    790 62
    737 63
    666 64
    524 65
    447 66
    113 67
     78 68
